0.00 0.45 0.56 0.29 0.65 0.60 0.49 0.62
0.45 0.00 0.34 0.32 0.59 0.49 0.50 0.50
0.56 0.34 0.00 0.50 0.49 0.31 0.60 0.37
0.29 0.32 0.50 0.00 0.63 0.58 0.33 0.58
0.65 0.59 0.49 0.63 0.00 0.32 0.66 0.60
0.60 0.49 0.31 0.58 0.32 0.00 0.62 0.50
0.49 0.50 0.60 0.33 0.66 0.62 0.00 0.64
0.62 0.50 0.37 0.58 0.60 0.50 0.64 0.00
